TFS477,12.1,1003.6,81.0,47.500517,19.258410,175.5,12:49:39,N/A
TFS478,12.1,1003.5,81.1,47.500519,19.258409,175.3,12:49:40,N/A
TFS479,12.1,1003.5,81.1,47.500521,19.258407,175.1,12:49:41,N/A
TFS480,12.1,1003.6,81.0,47.500522,19.258407,175.1,12:49:42,N/A
TFS481,12.1,1003.6,81.0,47.500523,19.258406,175.1,12:49:43,N/A
TFS482,12.1,1003.5,81.5,47.500524,19.258404,175.1,12:49:44,N/A
TFS483,12.1,1003.5,81.5,47.500524,19.258404,174.9,12:49:45,N/A
TFS484,12.1,1003.5,81.5,47.500525,19.258401,174.7,12:49:45,N/A
TFS485,12.1,1003.5,81.4,47.500527,19.258399,174.5,12:49:46,6
TFS486,11.9,1003.5,81.5,47.500527,19.258399,174.6,12:49:47,6
TFS487,11.9,1003.5,81.7,47.500526,19.258400,174.7,12:49:48,6
TFS488,11.9,1003.5,81.6,47.500525,19.258400,174.8,12:49:49,6
TFS489,11.9,1003.5,81.4,47.500525,19.258400,174.8,12:49:50,6
TFS490,11.9,1003.5,81.7,47.500526,19.258398,174.7,12:49:51,6
TFS491,11.9,1003.5,81.4,47.500527,19.258397,174.6,12:49:52,6
TFS492,11.9,1003.5,81.6,47.500527,19.258397,174.7,12:49:53,6
TFS493,11.8,1003.5,81.4,47.500527,19.258398,174.7,12:49:54,6
TFS494,11.8,1003.5,81.4,47.500529,19.258396,174.6,12:49:55,6
TFS495,11.8,1003.5,81.7,47.500530,19.258394,174.4,12:49:56,6
TFS496,11.8,1003.5,81.5,47.500531,19.258393,174.2,12:49:57,6
TFS497,11.8,1003.5,81.5,47.500532,19.258392,174.1,12:49:58,6
TFS498,11.8,1003.5,81.8,47.500533,19.258391,174.1,12:49:59,6
TFS499,11.8,1003.5,81.8,47.500534,19.258390,174.0,12:50:00,6
TFS500,11.8,1003.5,81.6,47.500535,19.258388,173.8,12:50:01,5
TFS501,11.8,1003.5,81.3,47.500537,19.258387,173.8,12:50:02,5
TFS502,11.8,1003.5,81.4,47.500538,19.258386,173.7,12:50:03,5
TFS503,11.8,1003.5,81.5,47.500538,19.258386,173.6,12:50:04,5
TFS504,11.8,1003.5,81.3,47.500539,19.258387,173.6,12:50:05,5
TFS505,11.8,1003.5,81.2,47.500540,19.258388,173.6,12:50:05,6
TFS506,11.8,1003.5,81.3,47.500541,19.258386,173.4,12:50:06,6
TFS507,11.8,1003.6,81.1,47.500543,19.258385,173.2,12:50:07,6
TFS508,11.9,1003.6,81.0,47.500545,19.258383,172.9,12:50:08,6
TFS509,11.9,1003.5,81.2,47.500546,19.258384,172.8,12:50:09,6
TFS510,11.9,1003.5,81.1,47.500547,19.258383,172.6,12:50:10,6
TFS511,11.9,1003.5,81.4,47.500549,19.258384,172.5,12:50:11,6
TFS512,11.9,1003.5,81.4,47.500550,19.258383,172.3,12:50:12,6
TFS513,11.9,1003.5,81.6,47.500551,19.258383,172.1,12:50:13,6
TFS514,11.9,1003.5,81.5,47.500552,19.258383,172.0,12:50:14,6
TFS515,11.8,1003.5,81.5,47.500552,19.258385,172.1,12:50:15,5
TFS516,11.7,1003.5,81.7,47.500552,19.258386,172.1,12:50:16,5
TFS517,11.7,1003.5,81.6,47.500553,19.258385,172.0,12:50:17,5
TFS518,11.7,1003.5,81.5,47.500553,19.258386,171.9,12:50:18,5
TFS519,11.6,1003.5,81.5,47.500552,19.258389,172.1,12:50:19,5
TFS520,11.6,1003.5,81.3,47.500552,19.258390,172.1,12:50:20,6
TFS521,11.6,1003.5,81.4,47.500552,19.258392,172.1,12:50:21,6
TFS522,11.5,1003.5,81.5,47.500552,19.258393,172.3,12:50:22,6
TFS523,11.5,1003.5,81.8,47.500552,19.258393,172.2,12:50:23,6
TFS524,11.5,1003.5,81.6,47.500552,19.258393,172.2,12:50:24,6
TFS525,11.5,1003.5,81.5,47.500552,19.258395,172.2,12:50:24,6
TFS526,11.5,1003.4,81.9,47.500553,19.258395,172.1,12:50:25,6
TFS527,11.4,1003.4,82.0,47.500553,19.258396,172.1,12:50:26,6
TFS528,11.4,1003.5,81.7,47.500553,19.258397,172.1,12:50:27,6
TFS529,11.4,1003.5,81.7,47.500553,19.258397,172.0,12:50:28,6
TFS530,11.4,1003.5,81.7,47.500554,19.258398,171.8,12:50:29,5
TFS531,11.4,1003.5,81.6,47.500554,19.258398,171.7,12:50:30,5
TFS532,11.4,1003.5,81.7,47.500555,19.258398,171.6,12:50:31,5
TFS533,11.4,1003.5,81.5,47.500555,19.258401,171.8,12:50:32,5
TFS534,11.4,1003.5,81.5,47.500555,19.258402,171.7,12:50:33,5
TFS535,11.4,1003.5,81.4,47.500556,19.258402,171.6,12:50:34,6
TFS536,11.4,1003.5,81.5,47.500556,19.258402,171.4,12:50:35,6
TFS537,11.4,1003.5,81.5,47.500556,19.258403,171.3,12:50:36,6
TFS538,11.4,1003.5,81.3,47.500556,19.258406,171.4,12:50:37,6
TFS539,11.3,1003.5,81.6,47.500556,19.258406,171.3,12:50:38,6
TFS540,11.3,1003.5,81.3,47.500556,19.258406,171.1,12:50:39,6
TFS541,11.3,1003.5,81.4,47.500557,19.258406,171.0,12:50:40,6
TFS542,11.3,1003.5,81.3,47.500557,19.258407,171.0,12:50:41,6
TFS543,11.3,1003.5,81.5,47.500557,19.258409,171.0,12:50:42,6
TFS544,11.3,1003.5,81.4,47.500557,19.258409,171.2,12:50:43,6
TFS545,11.3,1003.5,81.3,47.500558,19.258411,171.1,12:50:44,6
TFS546,11.3,1003.5,81.8,47.500559,19.258409,170.8,12:50:44,6
TFS547,11.3,1003.5,81.6,47.500559,19.258409,170.7,12:50:45,6
TFS548,11.3,1003.5,81.3,47.500558,19.258410,170.7,12:50:46,6
TFS549,11.3,1003.5,81.3,47.500558,19.258411,170.6,12:50:47,6
TFS550,11.3,1003.5,81.5,47.500559,19.258412,170.5,12:50:48,6
TFS551,11.2,1003.5,81.6,47.500559,19.258413,170.5,12:50:49,6
TFS552,11.2,1003.5,81.4,47.500560,19.258413,170.3,12:50:50,6
TFS553,11.2,1003.5,81.6,47.500560,19.258414,170.3,12:50:51,6
TFS554,11.2,1003.5,81.5,47.500561,19.258414,170.2,12:50:52,6
TFS555,11.1,1003.5,81.2,47.500562,19.258415,170.1,12:50:53,6
TFS556,11.1,1003.5,81.3,47.500562,19.258416,170.2,12:50:54,6
TFS557,11.1,1003.5,81.5,47.500562,19.258416,170.2,12:50:55,6
TFS558,11.1,1003.5,81.5,47.500562,19.258417,170.3,12:50:56,6
TFS559,11.1,1003.5,81.8,47.500561,19.258418,170.5,12:50:57,6
TFS560,11.1,1003.4,82.1,47.500561,19.258419,170.6,12:50:58,6
TFS561,11.1,1003.5,81.7,47.500561,19.258420,170.7,12:50:59,6
TFS562,11.1,1003.5,81.6,47.500561,19.258421,170.7,12:51:00,6
TFS563,11.1,1003.5,81.7,47.500561,19.258421,170.8,12:51:01,6
TFS564,11.1,1003.5,81.6,47.500561,19.258422,170.9,12:51:02,6
TFS565,11.1,1003.5,81.3,47.500561,19.258422,170.9,12:51:03,6
TFS566,11.1,1003.5,81.2,47.500560,19.258423,171.0,12:51:03,6
TFS567,11.1,1003.6,81.0,47.500559,19.258423,171.1,12:51:04,6
TFS568,11.1,1003.5,81.4,47.500558,19.258423,171.2,12:51:05,6
TFS569,11.1,1003.5,81.4,47.500558,19.258422,171.2,12:51:06,6
TFS570,11.1,1003.5,81.4,47.500558,19.258422,171.3,12:51:07,6
TFS571,11.1,1003.5,81.3,47.500558,19.258422,171.4,12:51:08,6
TFS572,11.2,1003.5,81.3,47.500558,19.258422,171.5,12:51:09,6
TFS573,11.2,1003.5,81.2,47.500558,19.258422,171.7,12:51:10,6
TFS574,11.2,1003.5,81.6,47.500558,19.258422,171.8,12:51:11,6
TFS575,11.2,1003.5,81.7,47.500558,19.258421,171.9,12:51:12,6
TFS576,11.2,1003.5,81.6,47.500557,19.258421,172.1,12:51:13,6
TFS577,11.2,1003.5,81.5,47.500556,19.258421,172.3,12:51:14,6
TFS578,11.1,1003.5,81.5,47.500555,19.258420,172.4,12:51:15,6
TFS579,11.1,1003.5,81.2,47.500555,19.258420,172.5,12:51:16,6
TFS580,11.1,1003.5,81.2,47.500555,19.258419,172.6,12:51:17,6
TFS581,11.1,1003.5,81.2,47.500555,19.258419,172.7,12:51:18,6
TFS582,11.1,1003.6,80.9,47.500555,19.258419,172.8,12:51:19,6
TFS583,11.1,1003.5,81.2,47.500556,19.258418,172.8,12:51:20,6
TFS584,11.1,1003.6,80.9,47.500556,19.258418,172.9,12:51:21,6
TFS585,11.1,1003.5,81.1,47.500556,19.258418,173.0,12:51:22,6
TFS586,11.1,1003.5,81.3,47.500556,19.258418,173.1,12:51:22,6
TFS587,11.1,1003.5,81.3,47.500555,19.258418,173.2,12:51:23,6
TFS588,11.1,1003.5,81.5,47.500555,19.258418,173.3,12:51:24,6
TFS589,11.1,1003.5,81.5,47.500556,19.258418,173.4,12:51:25,6
TFS590,11.0,1003.5,81.3,47.500556,19.258418,173.4,12:51:26,6
TFS591,11.0,1003.5,81.7,47.500556,19.258418,173.5,12:51:27,6
TFS592,11.0,1003.5,81.6,47.500556,19.258418,173.6,12:51:28,6
TFS593,11.0,1003.5,81.5,47.500557,19.258418,173.7,12:51:29,6
TFS594,11.0,1003.5,81.3,47.500557,19.258417,173.7,12:51:30,6
TFS595,11.0,1003.6,81.0,47.500558,19.258417,173.8,12:51:31,6
TFS596,11.0,1003.5,81.3,47.500558,19.258417,173.8,12:51:32,6
TFS597,11.0,1003.5,81.3,47.500558,19.258416,173.9,12:51:33,6
TFS598,11.0,1003.5,81.1,47.500558,19.258416,174.0,12:51:34,6
TFS599,11.0,1003.5,81.4,47.500558,19.258417,174.0,12:51:35,6
TFS600,11.0,1003.5,81.2,47.500557,19.258417,174.1,12:51:36,6
TFS601,11.0,1003.5,81.3,47.500558,19.258416,174.0,12:51:37,6
TFS602,11.0,1003.5,81.3,47.500557,19.258417,174.1,12:51:38,6
TFS603,10.9,1003.5,81.6,47.500557,19.258418,174.1,12:51:39,6
TFS604,10.8,1003.6,80.9,47.500557,19.258418,174.2,12:51:40,6
TFS605,10.8,1003.6,81.0,47.500557,19.258417,174.1,12:51:41,6
TFS606,10.8,1003.5,81.3,47.500557,19.258417,174.1,12:51:42,6
TFS607,10.8,1003.5,81.3,47.500557,19.258415,174.0,12:51:42,6
TFS608,10.7,1003.6,81.0,47.500559,19.258408,173.7,12:51:43,6
TFS609,10.7,1003.5,81.2,47.500558,19.258405,173.6,12:51:44,6
TFS610,10.6,1003.6,81.0,47.500561,19.258403,173.4,12:51:45,5
TFS611,10.6,1003.5,81.1,47.500555,19.258401,174.6,12:51:46,5
TFS612,10.5,1003.6,80.7,47.500552,19.258395,174.6,12:51:47,5
TFS613,10.4,1003.5,81.1,47.500556,19.258391,174.6,12:51:48,5
TFS614,10.4,1003.6,81.0,47.500559,19.258389,174.3,12:51:49,5
TFS615,10.3,1003.6,80.9,47.500564,19.258386,174.5,12:51:50,6
TFS616,10.3,1003.5,81.2,47.500555,19.258390,175.0,12:51:51,6
TFS617,10.3,1003.5,81.1,47.500556,19.258391,174.8,12:51:52,6
TFS618,10.2,1003.5,81.4,47.500549,19.258393,175.1,12:51:53,6
TFS619,10.2,1003.5,81.3,47.500537,19.258392,175.6,12:51:54,6
TFS620,10.2,1003.5,81.4,47.500526,19.258392,176.1,12:51:55,6
TFS621,10.2,1003.5,81.2,47.500530,19.258399,176.3,12:51:56,6
TFS622,10.1,1003.5,81.2,47.500531,19.258403,176.5,12:51:57,6
TFS623,10.1,1003.6,80.7,47.500527,19.258410,177.4,12:51:58,6
TFS624,10.1,1003.6,80.8,47.500526,19.258414,177.4,12:51:59,6
TFS625,10.0,1003.6,80.8,47.500523,19.258416,177.0,12:52:00,6
TFS626,9.8,1003.6,80.7,47.500523,19.258416,176.9,12:52:01,6
TFS627,9.8,1003.6,80.8,47.500526,19.258411,175.2,12:52:01,6
TFS628,9.7,1003.6,81.0,47.500530,19.258408,175.2,12:52:02,6
TFS629,9.7,1003.6,81.0,47.500535,19.258407,175.0,12:52:03,6
TFS630,9.7,1003.6,80.7,47.500544,19.258406,174.9,12:52:04,6
TFS631,9.7,1003.6,81.0,47.500549,19.258405,174.5,12:52:05,6
TFS632,9.8,1003.6,81.0,47.500550,19.258405,174.2,12:52:06,6
TFS633,9.8,1003.6,80.9,47.500555,19.258405,174.2,12:52:07,6
TFS634,9.8,1003.6,80.6,47.500558,19.258405,174.1,12:52:08,6
TFS635,9.8,1003.6,80.3,47.500550,19.258411,174.2,12:52:09,6
TFS636,9.8,1003.7,80.2,47.500543,19.258416,174.3,12:52:10,6
TFS637,9.8,1003.6,80.7,47.500537,19.258421,174.3,12:52:11,6
TFS638,9.8,1003.9,77.9,47.500532,19.258427,174.4,12:52:12,6
TFS639,9.8,1003.9,77.7,47.500527,19.258432,174.9,12:52:13,6
TFS640,9.8,1003.9,78.5,47.500521,19.258439,175.1,12:52:14,6
TFS641,9.8,1003.6,80.5,47.500519,19.258447,175.5,12:52:15,6
TFS642,9.6,1003.6,81.0,47.500519,19.258456,175.5,12:52:16,6
TFS643,9.5,1003.5,81.3,47.500516,19.258465,175.6,12:52:17,6
TFS644,9.5,1003.5,81.1,47.500513,19.258475,175.6,12:52:18,6
TFS645,9.5,1003.6,81.1,47.500515,19.258479,175.5,12:52:19,7
TFS646,9.5,1003.6,80.7,47.500518,19.258482,175.3,12:52:20,7
TFS647,9.4,1003.6,80.3,47.500518,19.258482,174.6,12:52:21,7
TFS648,9.4,1003.6,80.5,47.500510,19.258489,174.6,12:52:21,7
TFS649,9.3,1003.7,80.2,47.500504,19.258496,174.8,12:52:22,7
TFS650,9.3,1003.6,80.4,47.500500,19.258504,174.8,12:52:23,6
TFS651,9.3,1003.6,80.3,47.500493,19.258512,175.3,12:52:24,6
TFS652,9.3,1003.6,80.3,47.500487,19.258521,175.5,12:52:25,6
TFS653,9.3,1003.6,80.3,47.500476,19.258532,176.3,12:52:26,6
TFS654,9.3,1003.6,80.3,47.500475,19.258533,176.1,12:52:27,6
TFS655,9.3,1003.6,80.3,47.500479,19.258532,175.9,12:52:28,5
TFS656,9.2,1003.6,80.8,47.500480,19.258530,176.2,12:52:29,5
TFS657,9.3,1003.6,80.4,47.500474,19.258535,177.1,12:52:30,5
TFS658,9.3,1003.8,79.0,47.500467,19.258543,177.8,12:52:31,5
TFS659,9.2,1003.6,80.2,47.500464,19.258544,177.8,12:52:32,5
TFS660,9.2,1003.6,80.4,47.500464,19.258544,177.8,12:52:33,6
TFS661,9.2,1003.6,80.3,47.500462,19.258542,178.2,12:52:34,6
TFS662,9.2,1003.6,80.3,47.500460,19.258543,178.3,12:52:35,6
TFS663,9.2,1003.6,80.3,47.500457,19.258545,178.2,12:52:36,6
TFS664,9.2,1003.6,80.3,47.500458,19.258547,178.1,12:52:37,6
TFS665,9.2,1003.7,80.2,47.500453,19.258550,178.1,12:52:38,6
TFS666,9.2,1003.7,80.0,47.500450,19.258546,178.3,12:52:39,6
TFS667,9.2,1003.8,78.8,47.500450,19.258546,178.0,12:52:40,6
TFS668,9.3,1003.8,78.7,47.500443,19.258543,177.8,12:52:41,6
TFS669,9.3,1003.7,80.1,47.500438,19.258540,177.8,12:52:41,6
TFS670,9.2,1003.6,80.6,47.500431,19.258549,177.2,12:52:42,6
TFS671,9.1,1003.6,80.3,47.500446,19.258544,177.2,12:52:43,6
TFS672,9.0,1003.6,81.1,47.500447,19.258541,177.5,12:52:44,6
TFS673,8.9,1003.6,80.9,47.500444,19.258534,177.2,12:52:45,6
TFS674,8.9,1003.6,80.9,47.500442,19.258518,177.8,12:52:46,6
TFS675,8.9,1003.6,80.9,47.500439,19.258502,178.0,12:52:47,6
TFS676,8.8,1003.6,80.7,47.500436,19.258490,177.5,12:52:48,6
TFS677,8.8,1003.6,80.4,47.500432,19.258480,178.1,12:52:49,6
TFS678,8.8,1003.6,80.5,47.500426,19.258471,177.9,12:52:50,6
TFS679,8.7,1003.6,80.3,47.500420,19.258463,178.5,12:52:51,6
TFS680,8.7,1003.6,80.7,47.500414,19.258453,178.4,12:52:52,5
TFS681,8.6,1003.6,80.6,47.500406,19.258445,178.9,12:52:53,5
TFS682,8.6,1003.6,80.7,47.500397,19.258436,179.6,12:52:54,5
TFS683,8.6,1003.6,80.7,47.500395,19.258419,178.7,12:52:55,5
TFS684,8.5,1003.6,80.8,47.500390,19.258409,179.1,12:52:56,5
TFS685,8.5,1003.6,80.9,47.500383,19.258402,179.7,12:52:57,6
TFS686,8.4,1003.6,81.0,47.500378,19.258392,179.7,12:52:58,6
TFS687,8.4,1003.5,81.2,47.500373,19.258386,179.4,12:52:59,6
TFS688,8.3,1003.6,81.0,47.500373,19.258386,179.5,12:53:00,6
TFS689,8.3,1003.5,81.3,47.500372,19.258373,179.8,12:53:00,6
TFS690,8.2,1003.6,81.0,47.500367,19.258361,180.6,12:53:01,5
TFS691,8.2,1003.5,81.5,47.500358,19.258351,180.7,12:53:02,5
TFS692,8.2,1003.5,81.9,47.500352,19.258342,180.7,12:53:03,5
TFS693,8.2,1003.5,81.7,47.500352,19.258342,180.7,12:53:04,5
TFS694,8.1,1003.5,81.6,47.500333,19.258327,181.6,12:53:05,5
TFS695,8.1,1003.5,81.8,47.500325,19.258320,181.9,12:53:06,-4
TFS696,8.1,1003.4,82.1,47.500318,19.258312,181.6,12:53:07,-4
TFS697,8.1,1003.5,81.7,47.500308,19.258304,181.6,12:53:08,-4
TFS698,8.1,1003.4,82.1,47.500302,19.258296,181.4,12:53:09,-4
TFS699,8.1,1003.5,81.8,47.500297,19.258285,181.4,12:53:10,-4
TFS700,8.0,1003.5,81.4,47.500294,19.258274,181.2,12:53:11,5
TFS701,8.0,1003.5,81.6,47.500286,19.258268,181.1,12:53:12,5
TFS702,7.9,1003.4,82.1,47.500278,19.258259,181.2,12:53:13,5
TFS703,7.8,1003.5,81.8,47.500269,19.258248,180.7,12:53:14,5
TFS704,7.8,1003.5,81.4,47.500263,19.258242,180.9,12:53:15,5
TFS705,7.8,1003.5,81.9,47.500250,19.258244,181.3,12:53:16,5
TFS706,7.7,1003.5,81.8,47.500241,19.258239,181.3,12:53:17,5
TFS707,7.7,1003.5,81.7,47.500234,19.258232,181.3,12:53:18,5
TFS708,7.7,1003.5,81.9,47.500234,19.258232,181.4,12:53:19,5
TFS709,7.7,1003.4,82.3,47.500227,19.258224,181.1,12:53:20,5
TFS711,7.6,1003.5,81.1,47.500210,19.258212,182.2,12:53:21,4
TFS712,7.6,1003.5,81.8,47.500202,19.258204,182.0,12:53:22,4
TFS713,7.5,1003.5,81.7,47.500198,19.258192,181.4,12:53:23,4
TFS714,7.5,1003.5,81.4,47.500194,19.258178,181.2,12:53:24,4
TFS715,7.5,1003.5,81.5,47.500186,19.258168,181.1,12:53:25,4
TFS716,7.5,1003.5,81.7,47.500184,19.258157,180.0,12:53:26,4
TFS717,7.5,1003.5,81.7,47.500176,19.258149,180.3,12:53:27,4
TFS718,7.5,1003.5,81.3,47.500169,19.258136,179.7,12:53:28,4
TFS719,7.5,1003.5,81.3,47.500162,19.258123,179.5,12:53:29,4
TFS720,7.5,1003.5,81.6,47.500149,19.258112,180.8,12:53:30,3
TFS721,7.4,1003.5,81.6,47.500143,19.258100,180.3,12:53:31,3
TFS722,7.4,1003.5,81.9,47.500134,19.258095,180.9,12:53:32,3
TFS723,7.4,1003.5,81.2,47.500124,19.258089,181.4,12:53:33,3
TFS724,7.4,1003.5,81.7,47.500117,19.258079,181.7,12:53:34,3
TFS725,7.4,1003.5,81.5,47.500111,19.258069,181.7,12:53:35,3
TFS726,7.5,1003.5,81.7,47.500102,19.258062,182.4,12:53:36,3
TFS727,7.5,1003.5,81.6,47.500092,19.258053,182.4,12:53:37,3
TFS728,7.5,1003.5,81.2,47.500083,19.258046,182.6,12:53:38,2
TFS729,7.5,1003.5,81.5,47.500083,19.258046,182.5,12:53:39,2
TFS731,7.5,1003.5,81.9,47.500074,19.258018,181.8,12:53:41,2
TFS732,7.4,1003.4,82.0,47.500066,19.258008,181.9,12:53:41,2
TFS733,7.5,1003.4,82.0,47.500056,19.257997,182.6,12:53:42,2
TFS734,7.5,1003.4,82.2,47.500048,19.257985,182.5,12:53:43,2
TFS735,7.5,1003.5,81.5,47.500048,19.257971,181.2,12:53:44,2
TFS736,7.4,1003.4,82.0,47.500043,19.257961,180.6,12:53:45,2
TFS738,7.4,1003.4,82.3,47.500031,19.257933,180.1,12:53:47,0
TFS739,7.4,1003.4,82.7,47.500025,19.257918,179.8,12:53:48,0
TFS740,7.4,1003.4,82.6,47.500018,19.257906,179.6,12:53:49,0
TFS741,7.4,1003.4,82.6,47.500014,19.257894,179.1,12:53:50,0
TFS742,7.3,1003.4,82.1,47.500009,19.257883,179.0,12:53:51,-7
TFS743,7.3,1003.4,82.4,47.500003,19.257871,178.9,12:53:52,-7
TFS744,7.3,1003.4,82.5,47.499997,19.257861,178.9,12:53:53,-7
TFS746,7.3,1003.4,82.2,47.499988,19.257851,178.6,12:53:55,-5
TFS747,7.2,1003.5,81.6,47.499979,19.257845,178.6,12:53:56,-5
TFS748,7.2,1003.5,81.8,47.499969,19.257838,178.6,12:53:57,-5
TFS750,7.2,1003.5,81.4,47.499963,19.257831,179.2,12:53:59,-5
TFS752,7.2,1003.5,81.6,47.499957,19.257820,179.1,12:54:00,-5
TFS753,7.2,1003.5,81.5,47.499951,19.257818,179.1,12:54:01,-6
TFS754,7.2,1003.5,81.7,47.499948,19.257818,179.0,12:54:02,-6
TFS755,7.1,1003.5,81.7,47.499940,19.257814,179.2,12:54:03,-6
TFS757,7.1,1003.5,81.7,47.499936,19.257800,179.1,12:54:05,-9
TFS762,6.9,1003.5,81.6,47.499888,19.257756,178.6,12:54:10,-9
TFS766,6.7,1003.4,82.2,47.499859,19.257723,178.9,12:54:14,-9
TFS6163,4.9,1003.3,82.9,47.499638,19.257357,176.5,02:19:48,-9
TFS6166,4.9,1003.3,82.9,47.499654,19.257377,176.3,02:19:50,-9
TFS6168,4.9,1003.3,83.0,47.499667,19.257401,176.0,02:19:52,-9
TFS6169,4.9,1003.3,82.8,47.499673,19.257413,175.8,02:19:53,-9
TFS6180,4.9,1003.4,82.6,47.499743,19.257533,175.2,02:20:04,-9
TFS6181,5.0,1003.4,82.5,47.499750,19.257543,175.5,02:20:05,-9
TFS6182,5.0,1003.3,82.8,47.499759,19.257551,175.4,02:20:06,-9
TFS6183,5.0,1003.3,82.8,47.499767,19.257559,175.2,02:20:07,-8
TFS6184,5.0,1003.4,82.4,47.499775,19.257567,175.2,02:20:08,-8
TFS6185,5.0,1003.4,82.4,47.499782,19.257576,175.3,02:20:09,-8
TFS6186,5.0,1003.4,82.0,47.499782,19.257576,175.4,02:20:10,-8
TFS6187,5.0,1003.4,82.6,47.499791,19.257585,175.5,02:20:10,-8
TFS6189,5.0,1003.3,82.8,47.499810,19.257600,175.7,02:20:12,-8
TFS6190,5.0,1003.3,83.1,47.499818,19.257606,175.6,02:20:13,-7
TFS6197,4.9,1003.4,82.5,47.499839,19.257645,175.0,02:20:20,-7
TFS6198,4.9,1003.4,82.7,47.499835,19.257652,175.0,02:20:21,-7
TFS6199,4.9,1003.4,82.4,47.499832,19.257661,175.0,02:20:22,-3
TFS6200,4.9,1003.4,82.7,47.499835,19.257671,175.0,02:20:23,-3
TFS6201,4.9,1003.3,83.0,47.499840,19.257682,175.2,02:20:24,-3
TFS6202,4.9,1003.3,82.9,47.499847,19.257692,175.3,02:20:25,-3
TFS6203,4.9,1003.3,82.9,47.499854,19.257703,175.2,02:20:26,-3
TFS6204,4.9,1003.4,82.5,47.499862,19.257714,175.2,02:20:27,-3
TFS6205,4.9,1003.4,82.1,47.499869,19.257724,175.1,02:20:28,-3
TFS6206,4.9,1003.5,81.9,47.499878,19.257732,175.3,02:20:29,-3
TFS6207,4.9,1003.4,82.4,47.499878,19.257732,175.5,02:20:30,-3
TFS6208,4.9,1003.4,82.2,47.499888,19.257737,175.6,02:20:30,-3
TFS6209,4.9,1003.4,82.7,47.499896,19.257744,175.8,02:20:31,-3
TFS6211,4.9,1003.4,82.2,47.499914,19.257760,175.7,02:20:33,-3
TFS6212,4.9,1003.4,82.1,47.499921,19.257768,175.9,02:20:34,-3
TFS6213,4.9,1003.4,81.9,47.499927,19.257776,176.7,02:20:35,-3
TFS6214,4.9,1003.4,81.9,47.499935,19.257786,176.8,02:20:36,-3
TFS6215,4.9,1003.4,82.0,47.499939,19.257798,176.6,02:20:37,-3
TFS6216,4.9,1003.4,82.1,47.499944,19.257812,176.5,02:20:38,-3
TFS6217,4.9,1003.5,81.9,47.499950,19.257823,176.1,02:20:39,-3
TFS6218,4.9,1003.4,82.4,47.499955,19.257833,175.3,02:20:40,-3
TFS6219,4.9,1003.4,82.2,47.499963,19.257844,175.3,02:20:41,-3
TFS6221,4.9,1003.4,81.9,47.499975,19.257867,174.8,02:20:43,-3
TFS6222,4.9,1003.5,81.8,47.499983,19.257877,174.8,02:20:44,-3
TFS6223,4.9,1003.4,82.1,47.499990,19.257887,174.5,02:20:45,-3
TFS6224,4.9,1003.5,82.1,47.499996,19.257897,174.2,02:20:46,-3
TFS6225,4.9,1003.4,82.0,47.500003,19.257906,174.2,02:20:47,-1
TFS6226,4.9,1003.5,81.9,47.500010,19.257918,174.3,02:20:48,-1
TFS6227,4.9,1003.5,81.7,47.500014,19.257927,174.3,02:20:49,-1
TFS6228,4.9,1003.5,81.7,47.500014,19.257927,174.3,02:20:49,1
TFS6229,4.9,1003.5,81.9,47.500018,19.257936,174.4,02:20:50,1
TFS6230,4.9,1003.4,82.0,47.500026,19.257944,174.4,02:20:51,1
TFS6231,4.9,1003.4,81.8,47.500031,19.257951,174.1,02:20:52,1
TFS6232,4.9,1003.5,81.8,47.500037,19.257961,174.1,02:20:53,1
TFS6233,5.0,1003.5,81.6,47.500043,19.257972,174.0,02:20:54,0
TFS6234,5.0,1003.5,81.7,47.500049,19.257982,174.0,02:20:55,0
TFS6235,5.0,1003.5,81.8,47.500057,19.257992,174.1,02:20:56,0
TFS6236,5.0,1003.4,82.3,47.500065,19.257999,174.2,02:20:57,0
TFS6237,5.0,1003.4,82.1,47.500070,19.258005,174.7,02:20:58,0
TFS6238,5.0,1003.5,81.5,47.500075,19.258013,175.0,02:20:59,0
TFS6239,5.1,1003.4,82.0,47.500083,19.258022,174.7,02:21:00,0
TFS6240,5.1,1003.4,82.1,47.500092,19.258031,174.3,02:21:01,0
TFS6241,5.1,1003.4,82.0,47.500102,19.258039,174.2,02:21:02,3
TFS6242,5.1,1003.4,82.2,47.500106,19.258048,174.1,02:21:03,3
TFS6243,5.1,1003.5,81.9,47.500112,19.258060,174.1,02:21:04,3
TFS6244,5.1,1003.4,82.1,47.500119,19.258071,173.8,02:21:05,3
TFS6245,5.1,1003.4,82.1,47.500127,19.258082,174.0,02:21:06,3
TFS6246,5.1,1003.4,82.0,47.500127,19.258091,174.0,02:21:07,3
TFS6247,5.1,1003.4,82.1,47.500133,19.258100,173.4,02:21:08,3
TFS6248,5.2,1003.4,82.3,47.500133,19.258100,173.3,02:21:08,3
TFS6249,5.2,1003.4,82.1,47.500140,19.258112,173.3,02:21:09,3
TFS6250,5.2,1003.5,81.8,47.500149,19.258122,173.5,02:21:10,3
TFS6251,5.2,1003.4,82.2,47.500155,19.258129,174.2,02:21:11,3
TFS6252,5.2,1003.4,81.9,47.500161,19.258133,174.8,02:21:12,3
TFS6253,5.1,1003.4,82.6,47.500169,19.258140,174.7,02:21:13,3
TFS6254,5.1,1003.4,82.1,47.500175,19.258148,175.1,02:21:14,5
TFS6255,5.2,1003.4,82.5,47.500181,19.258157,175.0,02:21:15,5
TFS6256,5.2,1003.4,82.0,47.500186,19.258164,174.7,02:21:16,5
TFS6257,5.2,1003.4,82.1,47.500194,19.258171,174.4,02:21:17,5
TFS6258,5.2,1003.5,81.8,47.500198,19.258178,174.0,02:21:18,5
TFS6259,5.2,1003.4,82.3,47.500204,19.258188,173.9,02:21:19,5
TFS6260,5.2,1003.4,82.2,47.500210,19.258201,173.8,02:21:20,5
TFS6261,5.2,1003.4,82.1,47.500216,19.258214,174.0,02:21:21,5
TFS6262,5.2,1003.4,82.0,47.500222,19.258225,173.9,02:21:22,5
TFS6263,5.2,1003.5,81.9,47.500230,19.258236,174.0,02:21:23,5
TFS6264,5.2,1003.5,81.8,47.500237,19.258247,174.0,02:21:24,3
TFS6265,5.2,1003.4,82.0,47.500246,19.258257,173.9,02:21:25,3
TFS6266,5.2,1003.5,81.9,47.500253,19.258267,173.9,02:21:26,3
TFS6267,5.2,1003.4,82.3,47.500259,19.258281,174.0,02:21:27,3
TFS6268,5.2,1003.5,81.8,47.500265,19.258295,173.9,02:21:28,3
TFS6269,5.2,1003.5,81.8,47.500265,19.258295,173.9,02:21:28,3
TFS6270,5.2,1003.5,81.7,47.500267,19.258306,173.7,02:21:29,3
TFS6271,5.3,1003.5,81.8,47.500273,19.258315,173.9,02:21:30,3
TFS6272,5.3,1003.4,82.0,47.500279,19.258325,173.9,02:21:31,3
TFS6273,5.3,1003.5,81.8,47.500286,19.258334,173.8,02:21:32,3
TFS6274,5.3,1003.5,81.7,47.500292,19.258345,173.6,02:21:33,4
TFS6275,5.3,1003.5,81.8,47.500296,19.258357,173.4,02:21:34,4
TFS6276,5.3,1003.5,81.5,47.500301,19.258367,173.3,02:21:35,4
TFS6277,5.3,1003.5,81.3,47.500308,19.258376,173.3,02:21:36,4
TFS6278,5.3,1003.5,81.5,47.500317,19.258383,172.8,02:21:37,4
TFS6279,5.3,1003.5,81.4,47.500323,19.258393,172.5,02:21:38,6
TFS6280,5.3,1003.5,81.9,47.500330,19.258404,172.5,02:21:39,6
TFS6281,5.3,1003.5,81.5,47.500337,19.258414,172.4,02:21:40,6
TFS6282,5.3,1003.5,81.8,47.500344,19.258423,172.4,02:21:41,6
TFS6283,5.3,1003.5,81.6,47.500352,19.258431,172.2,02:21:42,6
TFS6284,5.2,1003.5,81.6,47.500358,19.258439,172.0,02:21:43,6
TFS6285,5.2,1003.5,81.3,47.500362,19.258449,171.9,02:21:44,6
TFS6286,5.2,1003.5,81.1,47.500367,19.258459,172.1,02:21:45,6
TFS6287,5.2,1003.6,81.0,47.500374,19.258471,172.1,02:21:46,6
TFS6288,5.2,1003.6,81.1,47.500383,19.258484,172.2,02:21:47,6
TFS6289,5.2,1003.6,81.1,47.500383,19.258484,172.4,02:21:47,5
TFS6290,5.2,1003.5,81.3,47.500390,19.258496,172.6,02:21:48,5
TFS6291,5.2,1003.5,81.1,47.500398,19.258507,172.7,02:21:49,5
TFS6292,5.2,1003.5,81.2,47.500406,19.258517,172.6,02:21:50,5
TFS6293,5.2,1003.5,81.3,47.500414,19.258530,172.8,02:21:51,5
TFS6294,5.1,1003.5,81.1,47.500422,19.258541,172.8,02:21:52,5
TFS6295,5.1,1003.5,81.1,47.500428,19.258552,172.8,02:21:53,5
TFS6296,5.1,1003.6,81.0,47.500436,19.258564,172.8,02:21:54,5
TFS6297,5.2,1003.6,80.9,47.500444,19.258572,172.7,02:21:55,5
TFS6298,5.2,1003.6,80.9,47.500451,19.258575,172.5,02:21:56,5
TFS6299,5.2,1003.6,80.9,47.500453,19.258578,172.5,02:21:57,6
TFS6300,5.2,1003.6,81.0,47.500456,19.258577,172.7,02:21:58,6
TFS6301,5.1,1003.5,81.3,47.500462,19.258572,172.7,02:21:59,6
TFS6302,5.1,1003.5,81.3,47.500466,19.258570,172.7,02:22:00,6
TFS6303,5.1,1003.5,81.4,47.500467,19.258571,172.9,02:22:01,6
TFS6304,5.1,1003.6,81.0,47.500467,19.258571,173.1,02:22:02,6
TFS6305,5.1,1003.5,81.1,47.500470,19.258570,172.9,02:22:03,6
TFS6306,5.1,1003.6,80.9,47.500478,19.258562,173.0,02:22:04,6
TFS6307,5.1,1003.6,81.0,47.500481,19.258560,173.0,02:22:05,6
TFS6308,5.1,1003.5,81.1,47.500484,19.258556,173.0,02:22:06,6
TFS6309,5.1,1003.5,81.3,47.500491,19.258549,173.2,02:22:07,5
TFS6310,5.1,1003.6,81.0,47.500491,19.258549,173.5,02:22:07,5
TFS6311,5.1,1003.6,80.7,47.500499,19.258539,173.6,02:22:08,5
TFS6312,5.1,1003.7,79.6,47.500505,19.258527,173.6,02:22:09,5
TFS6313,5.1,1003.8,79.3,47.500507,19.258513,173.0,02:22:10,5
TFS6314,5.1,1003.6,80.4,47.500510,19.258498,173.0,02:22:11,5
TFS6315,5.1,1003.6,80.6,47.500513,19.258483,172.8,02:22:12,5
TFS6316,5.0,1003.6,80.4,47.500519,19.258470,172.4,02:22:13,5
TFS6317,5.0,1003.6,80.3,47.500525,19.258457,172.6,02:22:14,5
TFS6318,5.0,1003.6,80.4,47.500530,19.258441,173.0,02:22:15,5
TFS6319,5.0,1003.6,80.5,47.500535,19.258430,173.2,02:22:16,6
TFS6320,5.0,1003.6,80.5,47.500540,19.258421,173.3,02:22:17,6
TFS6321,5.0,1003.6,80.3,47.500547,19.258409,173.3,02:22:18,6
TFS6322,4.9,1003.6,80.7,47.500553,19.258397,173.7,02:22:19,6
TFS6323,4.9,1003.5,81.1,47.500559,19.258390,174.0,02:22:20,6
TFS6324,4.9,1003.5,81.6,47.500564,19.258381,174.2,02:22:21,6
TFS6325,4.9,1003.5,81.5,47.500564,19.258365,176.2,02:22:22,6
TFS6326,4.9,1003.4,82.1,47.500566,19.258362,176.5,02:22:23,6
TFS6327,4.9,1003.4,82.1,47.500564,19.258361,176.6,02:22:24,6
TFS6328,4.9,1003.4,82.4,47.500565,19.258365,176.6,02:22:25,6
TFS6329,4.9,1003.5,81.8,47.500566,19.258366,176.8,02:22:26,6
TFS6330,4.9,1003.5,81.9,47.500566,19.258366,177.0,02:22:26,6
TFS6331,4.9,1003.5,81.9,47.500564,19.258366,177.3,02:22:27,6
TFS6332,4.9,1003.4,81.9,47.500561,19.258364,177.0,02:22:28,6
TFS6333,4.9,1003.5,81.8,47.500561,19.258364,177.4,02:22:29,6
TFS6334,4.9,1003.4,82.1,47.500558,19.258361,177.3,02:22:30,6
TFS6335,4.9,1003.5,81.8,47.500553,19.258357,177.7,02:22:31,6
TFS6336,4.9,1003.5,81.6,47.500550,19.258363,177.2,02:22:32,6
TFS6337,5.0,1003.5,81.6,47.500545,19.258362,176.7,02:22:33,6
TFS6338,5.1,1003.5,81.7,47.500537,19.258362,177.1,02:22:34,6
TFS6339,5.2,1003.5,81.5,47.500531,19.258358,176.5,02:22:35,7
TFS6340,5.3,1003.5,81.7,47.500534,19.258354,175.8,02:22:36,7
TFS6341,5.5,1003.5,81.3,47.500524,19.258353,175.0,02:22:37,7
TFS6342,5.7,1003.5,81.4,47.500515,19.258350,173.5,02:22:38,7
TFS6343,5.8,1003.5,81.6,47.500512,19.258333,172.5,02:22:39,7
TFS6344,5.9,1003.5,81.3,47.500513,19.258326,171.8,02:22:40,6
TFS6345,6.0,1003.5,81.3,47.500504,19.258327,171.2,02:22:41,6
TFS6346,6.1,1003.5,81.4,47.500492,19.258329,172.0,02:22:42,6
TFS6347,6.2,1003.6,81.0,47.500476,19.258307,173.9,02:22:43,6
TFS6348,6.3,1003.5,81.3,47.500465,19.258293,174.0,02:22:44,6
TFS6349,6.3,1003.5,81.4,47.500459,19.258278,174.0,02:22:45,6
TFS6350,6.5,1003.5,81.2,47.500462,19.258256,174.9,02:22:46,6
TFS6351,6.6,1003.6,81.0,47.500462,19.258256,174.6,02:22:46,6
TFS6352,6.7,1003.5,81.2,47.500460,19.258251,173.2,02:22:47,6
TFS6353,6.8,1003.5,81.2,47.500451,19.258254,174.9,02:22:48,6
TFS6354,7.0,1003.6,81.0,47.500458,19.258258,175.1,02:22:49,6
TFS6355,7.1,1003.5,81.5,47.500424,19.258278,174.7,02:22:50,6
TFS6356,7.2,1003.5,81.6,47.500400,19.258289,171.4,02:22:51,6
TFS6357,7.3,1003.5,81.6,47.500382,19.258268,170.9,02:22:52,6
TFS6358,7.4,1003.5,81.6,47.500372,19.258277,169.7,02:22:53,6
TFS6359,7.5,1003.5,81.5,47.500365,19.258274,169.7,02:22:54,6
TFS6360,7.7,1003.5,81.4,47.500345,19.258304,168.5,02:22:55,6
TFS6361,7.8,1003.5,81.3,47.500363,19.258334,163.1,02:22:56,6
TFS6362,7.8,1003.5,81.3,47.500376,19.258365,159.9,02:22:57,6
TFS6363,8.0,1003.5,81.3,47.500368,19.258407,159.9,02:22:58,6
TFS6364,8.1,1003.5,81.2,47.500341,19.258414,160.6,02:22:59,6
TFS6365,8.2,1003.5,81.2,47.500302,19.258403,160.1,02:23:00,6
TFS6366,8.3,1003.5,81.2,47.500295,19.258456,158.7,02:23:01,6
TFS6367,8.5,1003.5,81.4,47.500301,19.258474,166.2,02:23:02,6
TFS6368,8.6,1003.5,81.1,47.500295,19.258525,166.2,02:23:03,6
TFS6369,8.7,1003.5,81.4,47.500295,19.258525,166.2,02:23:04,6
TFS6370,8.8,1003.5,81.4,47.500295,19.258525,166.2,02:23:05,6
TFS6371,8.9,1003.5,81.5,47.500295,19.258525,166.2,02:23:06,6
TFS6372,8.9,1003.5,81.1,47.500295,19.258525,166.2,02:23:06,6
TFS6373,9.0,1003.5,81.4,47.500277,19.258713,189.7,02:23:07,6
TFS6374,9.0,1003.5,81.5,47.500270,19.258773,199.9,02:23:08,6
TFS6375,9.1,1003.5,81.6,47.500259,19.258830,212.2,02:23:09,6
TFS6376,9.1,1003.5,81.1,47.500264,19.258852,212.2,02:23:10,6
TFS6377,9.2,1003.5,81.4,47.500264,19.258852,212.2,02:23:11,6
TFS6378,9.2,1003.5,81.3,47.500264,19.258852,212.2,02:23:12,6
TFS6379,9.3,1003.5,81.3,47.500270,19.258909,225.0,02:23:13,6
TFS6380,9.3,1003.6,80.9,47.500274,19.258917,227.7,02:23:14,6
TFS6381,9.4,1003.6,81.0,47.500282,19.258918,229.4,02:23:15,6
TFS6382,9.4,1003.5,81.1,47.500293,19.258910,229.8,02:23:16,6
TFS6383,9.4,1003.6,81.1,47.500299,19.258910,230.8,02:23:17,6
TFS6384,9.5,1003.6,80.8,47.500301,19.258912,231.6,02:23:18,6
TFS6385,9.5,1003.5,81.1,47.500302,19.258917,234.5,02:23:19,6
TFS6386,9.6,1003.6,81.0,47.500304,19.258919,236.4,02:23:20,6
TFS6387,9.6,1003.5,81.1,47.500302,19.258929,238.9,02:23:21,6
TFS6388,9.6,1003.5,81.3,47.500302,19.258931,240.2,02:23:22,6
TFS6389,9.7,1003.5,81.1,47.500303,19.258935,243.2,02:23:23,6
TFS6390,9.7,1003.5,81.1,47.500306,19.258932,243.2,02:23:24,6
TFS6391,9.7,1003.6,81.0,47.500309,19.258930,243.9,02:23:25,6
