TFS11503,20.8,992.7,172.7,47.500647,19.258327,0,7:36:04,6
TFS11503,20.8,992.7,172.7,47.500647,19.258327,0,7:36:04,6
TFS11505,20.8,992.7,172.7,47.500612,19.258291,11.723,7:36:09,6
TFS11507,20.8,992.7,172.3,47.500648,19.25828,51.467,7:36:13,6
TFS11509,20.8,992.7,172.9,47.50065,19.258294,104.263,7:36:17,6
TFS11511,20.8,992.7,172.8,47.500629,19.258333,168.245,7:36:21,6
TFS11513,20.8,992.7,172.4,47.500605,19.258345,241.547,7:36:26,6
TFS11515,20.8,992.7,172.5,47.500605,19.258345,322.303,7:36:30,6
TFS11517,20.8,992.7,172.2,47.500599,19.258337,408.647,7:36:34,6
TFS11519,20.8,992.7,172.4,47.500606,19.25833,498.713,7:36:39,6
TFS11521,20.8,992.7,172.3,47.500604,19.258333,590.635,7:36:43,6
TFS11523,20.8,992.7,172.6,47.500604,19.258333,682.547,7:36:47,6
TFS11525,20.8,992.7,172.3,47.5006,19.258333,772.583,7:36:51,6
TFS11527,20.8,992.7,172.2,47.500598,19.258334,858.877,7:36:56,6
TFS11529,20.8,992.7,172.5,47.50061,19.258314,939.563,7:37:00,6
TFS11531,20.8,992.7,172.7,47.500613,19.258298,1012.775,7:37:04,6
TFS11533,20.8,992.8,172,47.500576,19.258319,1076.647,7:37:08,6
TFS11535,20.8,992.8,172,47.500521,19.258348,1129.313,7:37:13,6
TFS11537,20.8,992.8,171.8,47.500511,19.258347,1168.907,7:37:17,6
TFS11539,20.8,992.8,172,47.500492,19.25841,1193.563,7:37:21,6
TFS11541,20.8,992.8,172,47.500489,19.258444,1201.415,7:37:26,6
TFS11543,20.8,992.8,171.6,47.500462,19.258452,1201.415,7:37:30,6
TFS11545,20.8,992.8,171.4,47.500462,19.258452,1196.415,7:37:34,6
TFS11547,20.8,992.8,171.3,47.50044,19.258544,1181.415,7:37:38,6
TFS11549,20.8,992.8,171.8,47.500421,19.258571,1156.415,7:37:43,6
TFS11551,20.8,992.8,171.5,47.500434,19.258612,1121.415,7:37:47,6
TFS11553,20.8,992.8,171.4,47.500434,19.258612,1076.415,7:37:51,6
TFS11555,20.8,992.8,171.7,47.500492,19.2587,1021.415,7:37:55,5
TFS11557,20.8,992.8,171.3,47.500517,19.258742,956.415,7:38:00,5
TFS11559,20.8,992.8,171.5,47.500523,19.258758,881.415,7:38:04,6
TFS11561,20.8,992.8,171.3,47.500547,19.258803,796.415,7:38:08,6
TFS11563,20.8,992.9,170.9,47.500571,19.258831,701.415,7:38:12,6
TFS11565,20.8,992.9,171.2,47.500595,19.258889,701.415,7:38:17,5
TFS11567,20.8,993,170.3,47.500595,19.258889,614.415,7:38:21,5
TFS11569,20.8,992.9,170.7,47.500633,19.258941,553.415,7:38:25,7
TFS11571,20.8,992.9,170.6,47.500651,19.258971,525,7:38:30,7
TFS11573,20.8,992.9,170.7,47.500674,19.259009,515,7:38:34,7
TFS11575,20.8,992.9,170.8,47.500674,19.259009,510,7:38:38,6
TFS11577,20.8,992.9,170.5,47.500718,19.259071,500,7:38:42,6
TFS11579,20.8,992.9,170.6,47.50074,19.259099,485,7:38:47,6
TFS11581,20.8,992.9,170.7,47.500768,19.259131,445,7:38:51,6
TFS11583,20.8,992.9,170.5,47.500802,19.259175,440,7:38:55,6
TFS11585,20.8,993,170.2,47.500824,19.259207,435,7:38:59,5
TFS11588,20.8,993,170.1,47.500859,19.259263,430,7:39:06,5
TFS11590,20.8,993,170.4,47.500859,19.259263,425,7:39:10,4
TFS11592,20.8,992.9,170.8,47.500921,19.25927,420,7:39:14,4
TFS11594,20.8,992.9,170.5,47.500954,19.259247,415,7:39:19,4
TFS11596,20.8,993,170.2,47.500982,19.259215,410,7:39:23,-2
TFS11598,20.8,993,170.1,47.501016,19.25917,405,7:39:27,-2
TFS11600,20.8,993,170,47.501038,19.259132,400,7:39:31,-5
TFS11602,20.8,993,170.1,47.501057,19.259091,395,7:39:36,-5
TFS11604,20.8,993,169.8,47.501069,19.259071,390,7:39:40,-5
TFS11608,20.8,993,169.6,47.501134,19.258983,385,7:39:49,-3
TFS11611,20.8,993,169.7,47.501176,19.258937,380,7:39:55,-3
TFS11613,20.8,993,169.8,47.501205,19.258891,375,7:39:59,-3
TFS11615,20.8,993,169.7,47.50123,19.258855,370,7:40:03,-3
TFS11617,20.8,993.1,169.5,47.501256,19.258821,365,7:40:08,-6
TFS11619,20.8,993.1,169.2,47.50127,19.258804,360,7:40:12,-6
TFS11623,20.8,993.1,168.7,47.501327,19.258693,355,7:40:21,-4
TFS11625,20.8,993.1,168.9,47.501325,19.258655,350,7:40:25,-4
TFS11629,20.8,993.1,169,47.501279,19.258555,345,7:40:33,-4
TFS11632,20.8,993.1,169,47.501242,19.258503,340,7:40:40,-4
TFS11635,20.8,993.1,169,47.501198,19.258438,335,7:40:46,-5
TFS11638,20.8,993.1,169.1,47.501164,19.258378,330,7:40:53,-5
TFS11640,20.8,993.1,168.9,47.501141,19.258332,325,7:40:57,-4
TFS11642,20.8,993.1,169.1,47.501096,19.258264,320,7:41:03,-4
TFS11645,20.8,993.1,169,47.501075,19.258224,315,7:41:08,-4
TFS11647,20.8,993.1,169,47.501047,19.258183,310,7:41:12,-4
TFS11650,20.8,993,169.6,47.501,19.25812,305,7:41:18,-4
TFS11652,20.8,993,169.6,47.500975,19.258087,300,7:41:22,-1
TFS11654,20.8,994,170.7,48.500961,20.258073,295,7:41:26,0
TFS11656,20.8,993,169.6,47.500939,19.258034,290,7:41:31,-5
TFS11659,20.8,993,170.1,47.50089,19.257948,285,7:41:37,-5
TFS11661,20.8,993,170.2,47.500875,19.257917,280,7:41:42,-5
TFS11664,20.8,993,170.4,47.500864,19.257898,275,7:41:48,3
TFS11666,20.8,992.9,170.8,47.50081,19.257825,270,7:41:52,3
TFS11668,20.8,992.9,170.7,47.500787,19.257793,265,7:41:57,0
TFS11670,20.8,992.9,171,47.500765,19.257757,260,7:42:01,0
TFS11672,20.8,992.9,171.2,47.500734,19.257715,255,7:42:05,0
TFS11674,20.8,992.9,171.2,47.500711,19.257683,250,7:42:09,0
TFS11676,20.8,992.8,171.6,47.500673,19.257625,245,7:42:14,0
TFS11678,20.8,992.8,171.4,47.500673,19.257625,240,7:42:18,0
TFS11683,20.8,992.8,171.6,47.500673,19.257625,235,7:42:20,0
TFS11685,20.8,992.8,171.8,47.500568,19.257467,230,7:42:33,-5
TFS11687,20.8,992.8,171.6,47.500537,19.257419,225,7:42:37,-5
TFS11689,20.8,992.8,171.7,47.500512,19.257383,220,7:42:41,-5
TFS11697,20.8,992.8,172,47.500415,19.257228,215,7:42:59,-2
TFS11702,20.8,992.7,172.6,47.500346,19.257131,210,7:43:09,-2
TFS11704,20.8,992.7,172.3,47.500319,19.25709,205,7:43:14,-7
TFS11718,20.8,992.7,172.4,47.500102,19.2571,200,7:43:43,-7
TFS11722,20.8,992.7,172.5,48.500064,19.257176,195,7:43:52,-8
TFS11725,20.8,992.7,172.6,47.50005,19.257239,190,7:43:58,-8
TFS11729,20.8,992.7,172.7,47.49995,19.257317,185,7:44:07,-8
TFS11732,20.8,992.6,173.2,47.499911,19.257382,180,7:44:13,-8
TFS11736,20.8,992.6,173.6,47.499857,19.257449,175,7:44:22,-7
TFS11738,20.8,992.6,173.4,47.499857,19.257449,170,7:44:26,-7
TFS11740,20.8,992.6,173.4,47.499801,19.257529,165,7:44:29,-6
TFS11742,20.8,992.5,174,47.499786,19.257567,160,7:44:35,-8
TFS11744,20.8,992.6,173.7,47.499781,19.257606,155,7:44:39,-8
TFS11746,20.8,992.6,173.5,47.499805,19.257644,150,7:44:43,-2
TFS11749,20.8,992.6,173.4,47.499842,19.257703,145,7:44:50,-2
TFS11751,20.8,992.6,173.5,47.499865,19.257739,140,7:44:54,-2
TFS11753,20.8,992.6,173.5,47.499865,19.257739,135,7:44:58,5
TFS11756,20.8,992.6,173.3,47.49994,19.257838,130,7:45:05,5
TFS11758,20.8,992.6,173.5,47.499966,19.257877,125,7:45:09,4
TFS11760,20.8,992.6,173.4,47.499974,19.257901,120,7:45:13,4
TFS11762,20.8,992.6,173.5,47.500012,19.257962,115,7:45:17,4
TFS11764,20.8,992.6,173.5,47.500039,19.258,110,7:45:22,4
TFS11766,20.8,992.6,173.3,47.500061,19.258039,105,7:45:26,4
TFS11768,20.8,992.7,172.8,47.500061,19.258039,100,7:45:30,6
TFS11770,20.8,992.6,172.9,47.500116,19.258123,95,7:45:34,6
TFS11772,20.8,992.6,173.1,47.500138,19.258164,90,7:45:39,6
TFS11774,20.8,992.6,173.2,47.500152,19.258185,85,7:45:43,6
TFS11776,20.8,992.7,172.6,47.500197,19.258249,80,7:45:47,6
TFS11778,20.8,992.7,172.8,47.500223,19.258278,75,7:45:52,6
TFS11780,20.8,992.7,172.6,47.500248,19.258315,70,7:45:56,6
TFS11782,20.8,992.7,172.5,47.500263,19.258327,65,7:46:00,6
TFS11784,20.8,992.7,172.4,47.500304,19.258391,60,7:46:04,6
TFS11786,20.8,992.7,172.3,47.500326,19.25843,55,7:46:09,6
TFS11788,20.8,992.7,172.2,47.500347,19.258462,50,7:46:13,6
TFS11790,20.8,992.7,172.2,47.500347,19.258462,45,7:46:17,6
TFS11792,20.8,992.7,172.2,47.500398,19.258518,40,7:46:21,6
TFS11794,20.8,992.8,171.8,47.500423,19.258526,35,7:46:26,6